Indices.

Α. Numeri comparantur schepersiani (editionis a. 190111
et vulgares.

Schep. Vulg. Schep. Vulg. Schep. Vulg.

Ι 1 1121 11124 ’11124 11160

2 22 11125 25 11161

23 11126 26 11162

24 11127 27 11163

25 11128 28 11164

26 11129 29 11165

- 27 11130 30 11166

28 11131 31 11167

29 11173 32 11168

30 11132 33 1Π69

31 11133 34“11170

32 11134 35 11171

33 11135 36 III 72

34 11136 37 120

35 11137 38 121

36 11138 39 122

37 11139 40 123

38 11140 41 11174

39 11141· ·1v 1 129

111 1 111 4 130

2 III 5 131

3 111 6 132

4 111 7 133

1 111 8 134

6 11142 135

7 11143 136

8 11144 137

9 11145 138

10 11146 139

11 1Π47 140

9 11112 12 11147 13 11 1

10 11113 13 11149 14 11 2

11 11114 14 11150 15 11 3

12 11115 15 11151 16 11 4
13 11116 16 11152 fr. I I
14 11117 17 11153 Π 11
15 11118 18 11154 111 111
16 11119 19 11155 IV IV
17 11120 20 11156 V V
18 11121 21 11157 VI VI

19 11122 22 11158
20 11123 23 11159

 

